1950 2536.096 42.28 25360.96
1951 2612.719 40.99 26127.190000000002
1952 2545.38 39.4 25453.800000000003
1953 2606.057 39.24 26060.57
1954 2483.296 36.6 24832.96
1955 2721.023 36.59 27210.230000000003
1956 2852.385 36.02 28523.850000000002
1957 2828.311 34.58 28283.11
1958 2740.357 32.58 27403.57
1959 2823.005 31.9 28230.050000000003
1960 2887.82 30.94 28878.2
1961 2877.37 30.75 28773.699999999997
1962 2984.002 30.8 29840.02
1963 3116.022 30.44 31160.22
1964 3252.755 30.2 32527.550000000003
1965 3388.193 30.07 33881.93
1966 3559.179 30.18 35591.79
1967 3693.298 30.34 36932.979999999996
1968 3828.306 29.82 38283.06
1969 4021.503 29.37 40215.03
1970 4325.501 29.17 43255.01
1971 4351.309 28.21 43513.090000000004
1972 4558.453 28.24 45584.530000000006
1973 4762.452 28.01 47624.520000000004
1974 4592.958 27.14 45929.579999999994
1975 4400.795 26.04 44007.95
1976 4607.168 25.88 46071.67999999999
1977 4735.366 25.89 47353.66
1978 4882.964 25.76 48829.64
1979 4894.043 25.14 48940.42999999999
1980 4716.716 24.35 47167.16
1981 4530.37 24.04 45303.7
1982 4301.971 23.0 43019.70999999999
1983 4335.917 22.97 43359.170000000006
1984 4468.262 23.0 44682.619999999995
1985 4484.338 22.29 44843.38
1986 4487.856 22.0 44878.56
1987 4680.834 22.22 46808.34
1988 4885.591 22.34 48855.91
1989 4948.021 22.3 49480.21
1990 5128.301 22.59 51283.01
1991 5078.89 21.92 50788.9
1992 5182.707 23.09 51827.07000000001
1993 5283.438 23.29 52834.380000000005
1994 5377.033 23.54 53770.33
1995 5438.906 23.31 54389.06
1996 5626.912 23.4 56269.12
1997 5703.707 23.58 57037.07000000001
1998 5751.052 23.85 57510.52
1999 5830.298 23.86 58302.979999999996
2000 5998.07 23.88 59980.7
2001 5900.437 23.29 59004.369999999995
2002 5942.652 22.93 59426.520000000004
2003 5991.96 22.05 59919.6
2004 6107.618 21.45 61076.18000000001
2005 6131.893 20.85 61318.93
2006 6051.051 19.92 60510.51
2007 6128.43 19.58 61284.3
2008 5930.54 18.56 59305.4
2009 5491.036 17.45 54910.36
2010 5698.056 17.2 56980.56