1950 2536.096 42.28 2536.096
1951 2612.719 40.99 2612.719
1952 2545.38 39.4 2545.38
1953 2606.057 39.24 2606.057
1954 2483.296 36.6 2483.296
1955 2721.023 36.59 2721.023
1956 2852.385 36.02 2852.385
1957 2828.311 34.58 2828.311
1958 2740.357 32.58 2740.357
1959 2823.005 31.9 2823.005
1960 2887.82 30.94 2887.82
1961 2877.37 30.75 2877.37
1962 2984.002 30.8 2984.002
1963 3116.022 30.44 3116.022
1964 3252.755 30.2 3252.755
1965 3388.193 30.07 3388.193
1966 3559.179 30.18 3559.179
1967 3693.298 30.34 3693.298
1968 3828.306 29.82 3828.306
1969 4021.503 29.37 4021.503
1970 4325.501 29.17 4325.501
1971 4351.309 28.21 4351.309
1972 4558.453 28.24 4558.453
1973 4762.452 28.01 4762.452
1974 4592.958 27.14 4592.958
1975 4400.795 26.04 4400.795
1976 4607.168 25.88 4607.168
1977 4735.366 25.89 4735.366
1978 4882.964 25.76 4882.964
1979 4894.043 25.14 4894.043
1980 4716.716 24.35 4716.716
1981 4530.37 24.04 4530.37
1982 4301.971 23.0 4301.971
1983 4335.917 22.97 4335.917
1984 4468.262 23.0 4468.262
1985 4484.338 22.29 4484.338
1986 4487.856 22.0 4487.856
1987 4680.834 22.22 4680.834
1988 4885.591 22.34 4885.591
1989 4948.021 22.3 4948.021
1990 5128.301 22.59 5128.301
1991 5078.89 21.92 5078.89
1992 5182.707 23.09 5182.707
1993 5283.438 23.29 5283.438
1994 5377.033 23.54 5377.033
1995 5438.906 23.31 5438.906
1996 5626.912 23.4 5626.912
1997 5703.707 23.58 5703.707
1998 5751.052 23.85 5751.052
1999 5830.298 23.86 5830.298
2000 5998.07 23.88 5998.07
2001 5900.437 23.29 5900.437
2002 5942.652 22.93 5942.652
2003 5991.96 22.05 5991.96
2004 6107.618 21.45 6107.618
2005 6131.893 20.85 6131.893
2006 6051.051 19.92 6051.051
2007 6128.43 19.58 6128.43
2008 5930.54 18.56 5930.54
2009 5491.036 17.45 5491.036
2010 5698.056 17.2 5698.056