1950 45 6750 12 2400
1951 32 4800 10 2000
1952 21 3150 6 1200
1953 24 3600 8 1600
1954 25 3750 9 1800
1955 36 5400 10 2000
1956 16 2400 7 1400
1957 15 2250 6 1200
1958 31 4650 10 2000
1959 22 3300 10 2000
1960 19 2850 6 1200
1961 38 5700 10 2000
1962 12 1800 5 1000
1963 23 3450 8 1600
1964 31 4650 9 1800
1965 13 1950 5 1000
1966 25 3750 11 2200
1967 19 2850 8 1600
1968 11 1650 7 1400
1969 37 5550 13 2600
1970 16 2400 7 1400
1971 23 3450 12 2400
1972 9 1350 7 1400
1973 13 1950 8 1600
1974 17 2550 7 1400
1975 23 3450 8 1600
1976 20 3000 8 1600
1977 15 2250 6 1200
1978 23 3450 11 2200
1979 21 3150 8 1600
1980 29 4350 11 2200
1981 26 3900 11 2200
1982 10 1500 5 1000
1983 9 1350 4 800
1984 21 3150 12 2400
1985 25 3750 11 2200
1986 11 1650 6 1200
1987 11 1650 6 1200
1988 26 3900 11 2200
1989 27 4050 11 2200
1990 26 3900 14 2800
1991 16 2400 7 1400
1992 16 2400 6 1200
1993 15 2250 8 1600
1994 11 1650 7 1400
1995 45 6750 19 3800
1996 36 5400 13 2600
1997 13 1950 8 1600
1998 37 5550 14 2800
1999 38 5700 12 2400
2000 32 4800 15 3000
2001 35 5250 15 3000
2002 22 3300 12 2400
2003 33 4950 16 3200
2004 42 6300 15 3000
2005 67 10050 28 5600
2006 18 2700 9 1800
2007 29 4350 15 3000
2008 39 5850 16 3200
2009 18 2700 9 1800
2010 49 7350 19 3800
